# Created by Octave 3.8.1, Sat Dec 27 10:38:29 2014 EST <zhanfei-lubuntu@zhanfei-lubuntu>
# name: cost_train
# type: scalar
0.1960946586368915


# name: cost_cv
# type: scalar
0.2010129878061359


