# Created by Octave 3.8.1, Thu Dec 25 20:47:26 2014 EST <zhanfei-lubuntu@zhanfei-lubuntu>
# name: err_cv
# type: matrix
# rows: 22
# columns: 1
 7.230769230769231
 7.461538461538461
 6.461538461538462
 7.000000000000001
 7.538461538461538
 6.615384615384616
 6.384615384615384
 6.923076923076923
 7.769230769230768
 6.692307692307692
 6.846153846153847
 7.846153846153846
 6.846153846153847
 7.692307692307693
 6.538461538461539
 6.615384615384616
 6.461538461538462
 7.153846153846153
 7.076923076923077
 8.538461538461538
 9.153846153846153
 11


# name: err_train
# type: matrix
# rows: 22
# columns: 1
 1.351351351351351
 2.972972972972973
 1.540540540540541
 1.027027027027027
 1.594594594594595
 2.756756756756757
 1.378378378378378
 1.891891891891892
 2.351351351351351
 2.054054054054054
 1.162162162162162
 1.972972972972973
 0.9459459459459461
 2.378378378378379
 1.486486486486487
 0.9729729729729729
 0.8108108108108109
 1.810810810810811
 2.162162162162162
 3.945945945945946
 5.216216216216217
 7.810810810810811


