# Created by Octave 3.8.1, Thu Dec 25 18:43:51 2014 EST <zhanfei-lubuntu@zhanfei-lubuntu>
# name: err_cv
# type: matrix
# rows: 24
# columns: 1
 19.33333333333333
 19
 19.33333333333333
 18.33333333333333
 15
 12.33333333333333
 15.33333333333333
 13
 12.33333333333333
 11
 9.666666666666666
 11.66666666666667
 12
 12
 11
 13.33333333333333
 11.33333333333333
 11.66666666666667
 13.33333333333333
 12
 10.33333333333333
 11.66666666666667
 10.33333333333333
 11.66666666666667


# name: err_train
# type: matrix
# rows: 24
# columns: 1
 11.28571428571428
 9.142857142857142
 9.857142857142858
 9.428571428571429
 7.571428571428572
 5.428571428571429
 5
 3.571428571428571
 3.285714285714286
 2.857142857142857
 1.714285714285714
 1.857142857142857
 2.571428571428571
 2.571428571428571
 0.4285714285714286
 0.4285714285714286
 0.2857142857142857
 0.2857142857142857
 0.5714285714285714
 0.1428571428571428
 0.1428571428571428
 0
 0
 0


