# Created by Octave 3.8.1, Sat Dec 27 00:40:12 2014 EST <zhanfei-lubuntu@zhanfei-lubuntu>
# name: err_train
# type: scalar
1.423809523809524


# name: err_cv
# type: scalar
1.5


