# Created by Octave 3.8.1, Fri Dec 26 07:40:18 2014 EST <zhanfei-lubuntu@zhanfei-lubuntu>
# name: err_train
# type: matrix
# rows: 84
# columns: 1
 13.74761904761905
 11.27857142857143
 11.61190476190476
 11.40714285714286
 11.55714285714286
 11.42619047619048
 10.81904761904762
 10.82619047619048
 10.80714285714286
 10.42857142857143
 10.6047619047619
 9.802380952380952
 9.638095238095239
 10.65952380952381
 9.785714285714285
 10.18571428571429
 10.26904761904762
 10.62857142857143
 10.21904761904762
 9.821428571428571
 9.745238095238095
 9.764285714285714
 9.640476190476191
 9.723809523809523
 10.00238095238095
 9.333333333333334
 9.47857142857143
 9.616666666666667
 9.954761904761906
 10.15238095238095
 9.764285714285714
 9.973809523809523
 9.557142857142857
 9.34047619047619
 9.747619047619049
 9.81904761904762
 9.542857142857143
 9.321428571428571
 10.08333333333333
 9.25
 9.238095238095239
 9.107142857142856
 9.466666666666667
 9.916666666666666
 9.554761904761905
 9.683333333333334
 9.576190476190476
 9.93095238095238
 9.197619047619048
 9.440476190476192
 9.709523809523809
 9.461904761904762
 9.852380952380953
 9.483333333333334
 9.419047619047619
 9.573809523809523
 9.664285714285715
 9.94047619047619
 10.13809523809524
 9.497619047619049
 9.397619047619047
 9.473809523809523
 9.628571428571428
 9.464285714285714
 9.261904761904761
 9.402380952380952
 9.552380952380952
 9.869047619047619
 9.428571428571429
 9.59047619047619
 9.854761904761904
 9.192857142857143
 9.142857142857142
 9.707142857142857
 9.395238095238096
 9.085714285714285
 9.226190476190476
 9.726190476190476
 9.045238095238094
 9
 9.290476190476191
 9.523809523809524
 8.683333333333334
 9.633333333333335


# name: err_cv
# type: matrix
# rows: 84
# columns: 1
 15.3
 11.9
 12
 12.5
 12.1
 12.4
 11.3
 11
 11.4
 10.9
 11.9
 11.4
 10.9
 11.2
 11
 10.8
 11.6
 14.2
 13.2
 11.7
 12.5
 11.2
 10.5
 10.4
 11.9
 11.1
 11.3
 9.700000000000001
 10.5
 10.8
 9.9
 11.3
 10.1
 9.800000000000001
 10.4
 10.4
 10.8
 10.7
 11.1
 10.8
 10
 10.3
 11
 10.8
 10.5
 11.5
 12.1
 10.2
 10.2
 10
 11.1
 10.2
 10.7
 11.2
 10
 10
 11.6
 10
 11.4
 11
 10.6
 10.6
 11.2
 11.7
 11
 10.6
 11.5
 10.6
 11.9
 10.7
 11.2
 9.800000000000001
 10.5
 11.1
 12.1
 9.4
 10.2
 11.2
 11.1
 10.8
 10.3
 11.5
 7.000000000000001
 4.100000000000001


