# Created by Octave 3.8.1, Fri Dec 26 21:11:59 2014 EST <zhanfei-lubuntu@zhanfei-lubuntu>
# name: err_train
# type: matrix
# rows: 7
# columns: 1
 4.271428571428571
 4.026190476190476
 3.933333333333333
 3.745238095238095
 3.635714285714286
 3.509523809523809
 3.295238095238096


# name: err_cv
# type: matrix
# rows: 7
# columns: 1
 4.6
 3.9
 4.5
 4.2
 4
 5.1
 1.3


