# Created by Octave 3.8.1, Fri Dec 26 10:17:28 2014 EST <zhanfei-lubuntu@zhanfei-lubuntu>
# name: err_train
# type: matrix
# rows: 21
# columns: 1
 8.804761904761904
 7.576190476190477
 6.995238095238094
 6.719047619047619
 6.076190476190476
 5.947619047619048
 5.628571428571429
 5.830952380952381
 5.85952380952381
 5.530952380952381
 5.740476190476191
 5.607142857142857
 5.564285714285714
 5.321428571428571
 5.326190476190476
 5.15952380952381
 4.876190476190477
 5.183333333333334
 4.904761904761905
 5.461904761904761
 5.145238095238095


# name: err_cv
# type: matrix
# rows: 21
# columns: 1
 8.9
 7.8
 6.800000000000001
 6.2
 6
 5.600000000000001
 5.800000000000001
 5.600000000000001
 6.600000000000001
 5.600000000000001
 5.800000000000001
 5.600000000000001
 5.600000000000001
 5.5
 6
 5.3
 5
 5.5
 5.2
 6.3
 0.6


